00000000000000000000000000000000
00000000000000000000000000000001
00000000000000000000000000000001
00000000000000000000000000000000
00000000000000000000000000000001
00000000000000000000000000000001
00000000000000000000000000000001
00000000000000000000000000000001
11111111111111111111111111111110
11111111111111111111111111111111
00000000000000000000000000000011
00000000000000000000000000000111
00000000000000000000000000000010
00000000000001100000000000000000
00000000000000000000110000000000
00000000000110000000000000000000
00000000000000000000000000000000
00000000000000000000000110000110
00000000000000000000000011000011
00000000000000000000000000000000
00000000000000000000000000000000
00000000000000000000000000000000
00000000000000000000000000000000
00000000000000000000000000000000
00000000000000000000000000000000
00000000000000000000000000000000
00000000000000000000000000000000
00000000000000000000000000000000
00000000000000000000000000000000
00000000000000000000000000000000
00000000000000000000000000000000
00000000000000000000000000000000
