00100000000000010000000000000001
00000000000000000000000000100000
00000000000000000000000000100000
00000000000000000000000000100000
00000000001000000001000000100000
00000000000000000000000000100000
00000000000000000000000000100000
00000000000000000000000000100000
00000000010000010001100000100010
00000000000000000000000000100000
00000000000000000000000000100000
00000000000000000000000000100000
00000000011000100010000000101010
00000000000000000000000000100000
00000000000000000000000000100000
00000000000000000000000000100000
00101000100001010000000000000010
00000000000000000000000000100000
00000000000000000000000000100000
00000000000000000000000000100000
00000000101001000011000000100100
00000000000000000000000000100000
00000000000000000000000000100000
00000000000000000000000000100000
00000000110001010011100000100101
00000000000000000000000000100000
00000000000000000000000000100000
00000000000000000000000000100000
00000000111001100100000000100111
00000000000000000000000000100000
00000000000000000000000000100000
00000000000000000000000000100000
00000001000001110100100000101000
00000000000000000000000000100000
00000000000000000000000000100000
00000000000000000000000000100000
00110001001010100000000000000011
00000000000000000000000000100000
00000000000000000000000000100000
00000000000000000000000000100000
00110101010010110000000000000100
00000000000000000000000000100000
00000000000000000000000000100000
00000000000000000000000000100000
00111001011011000000000000000101
00000000000000000000000000100000
00000000000000000000000000100000
00000000000000000000000000100000
00111100000011010000000000000110
00000000000000000000000000100000
00000000000000000000000000100000
00000000000000000000000000100000
00000000000011010111000111000010
00000000000000000000000000100000
00000000000000000000000000100000
00000000000000000000000000100000
00000000000011100111101001000000
00000000000000000000000000100000
00000000000000000000000000100000
00000000000000000000000000100000
00000000000011111000001010000011
00000000000000000000000000100000
00000000000000000000000000100000
00000000000000000000000000100000
00100010001100010000000000001010
00000000000000000000000000100000
00000000000000000000000000100000
00000000000000000000000000100000
00100010010100100000000000000101
00000000000000000000000000100000
00000000000000000000000000100000
00000000000000000000000000100000
10101110010100010000000000000100
00000000000000000000000000100000
00000000000000000000000000100000
00000000000000000000000000100000
10001110001101000000000000000000
00000000000000000000000000100000
00000000000000000000000000100000
00000000000000000000000000100000